0.000000000000000000e+00 9.500001541350792111e-01 0.000000000000000000e+00 3.202567885814996185e+00 4.565382376869960360e-03 -1.878497297124692928e-04 -4.111133266060006813e-02 9.991441238996010554e-01
9.658227873232035424e-03 9.500001541350792111e-01 0.000000000000000000e+00 3.202567885814996185e+00 4.565382376869960360e-03 -1.878497297124692928e-04 -4.111133266060006813e-02 9.991441238996010554e-01
4.388724791513450019e-02 9.500001541350792111e-01 0.000000000000000000e+00 3.202567885814996185e+00 4.565382376869960360e-03 -1.878497297124692928e-04 -4.111133266060006813e-02 9.991441238996010554e-01
1.791125448776450080e+00 9.500001541350792111e-01 0.000000000000000000e+00 3.202567885814996185e+00 4.565382376869960360e-03 -1.878497297124692928e-04 -4.111133266060006813e-02 9.991441238996010554e-01
6.207887743136422998e+00 9.500001541350792111e-01 0.000000000000000000e+00 3.202567885814996185e+00 4.565382376869960360e-03 -1.878497297124692928e-04 -4.111133266060006813e-02 9.991441238996010554e-01
6.269787196912107063e+00 9.500001541350792111e-01 0.000000000000000000e+00 3.202567885814996185e+00 4.565382376869960360e-03 -1.878497297124692928e-04 -4.111133266060006813e-02 9.991441238996010554e-01
6.281232557736195155e+00 9.500001541350792111e-01 0.000000000000000000e+00 3.202567885814996185e+00 4.565382376869960360e-03 -1.878497297124692928e-04 -4.111133266060006813e-02 9.991441238996010554e-01
6.289958941420569438e+00 9.500001541350792111e-01 0.000000000000000000e+00 3.202567885814996185e+00 4.565382376869960360e-03 -1.878497297124692928e-04 -4.111133266060006813e-02 9.991441238996010554e-01
6.311684106847333275e+00 9.500001541350792111e-01 0.000000000000000000e+00 3.202567885814996185e+00 4.565382376869960360e-03 -1.878497297124692928e-04 -4.111133266060006813e-02 9.991441238996010554e-01
6.778055581700718868e+00 9.500001541350792111e-01 0.000000000000000000e+00 3.202567885814996185e+00 4.565382376869960360e-03 -1.878497297124692928e-04 -4.111133266060006813e-02 9.991441238996010554e-01
1.241279097570539491e+01 9.500001541350792111e-01 0.000000000000000000e+00 3.202567885814996185e+00 4.565382376869960360e-03 -1.878497297124692928e-04 -4.111133266060006813e-02 9.991441238996010554e-01
1.254772736170216163e+01 9.500001541350792111e-01 0.000000000000000000e+00 3.202567885814996185e+00 4.565382376869960360e-03 -1.878497297124692928e-04 -4.111133266060006813e-02 9.991441238996010554e-01
1.256234957597523660e+01 9.500001541350792111e-01 0.000000000000000000e+00 3.202567885814996185e+00 4.565382376869960360e-03 -1.878497297124692928e-04 -4.111133266060006813e-02 9.991441238996010554e-01
1.257075982906284572e+01 9.500001541350792111e-01 0.000000000000000000e+00 3.202567885814996185e+00 4.565382376869960360e-03 -1.878497297124692928e-04 -4.111133266060006813e-02 9.991441238996010554e-01
1.258611457507421250e+01 9.500001541350792111e-01 0.000000000000000000e+00 3.202567885814996185e+00 4.565382376869960360e-03 -1.878497297124692928e-04 -4.111133266060006813e-02 9.991441238996010554e-01
1.274334400592744210e+01 9.500001541350792111e-01 0.000000000000000000e+00 3.202567885814996185e+00 4.565382376869960360e-03 -1.878497297124692928e-04 -4.111133266060006813e-02 9.991441238996010554e-01
1.844194976356969207e+01 9.500001541350792111e-01 0.000000000000000000e+00 3.202567885814996185e+00 4.565382376869960360e-03 -1.878497297124692928e-04 -4.111133266060006813e-02 9.991441238996010554e-01
1.882284868596617855e+01 9.500001541350792111e-01 0.000000000000000000e+00 3.202567885814996185e+00 4.565382376869960360e-03 -1.878497297124692928e-04 -4.111133266060006813e-02 9.991441238996010554e-01
1.884321271527853980e+01 9.500001541350792111e-01 0.000000000000000000e+00 3.202567885814996185e+00 4.565382376869960360e-03 -1.878497297124692928e-04 -4.111133266060006813e-02 9.991441238996010554e-01
1.885184748112286712e+01 9.500001541350792111e-01 0.000000000000000000e+00 3.202567885814996185e+00 4.565382376869960360e-03 -1.878497297124692928e-04 -4.111133266060006813e-02 9.991441238996010554e-01
1.886370586789417203e+01 9.500001541350792111e-01 0.000000000000000000e+00 3.202567885814996185e+00 4.565382376869960360e-03 -1.878497297124692928e-04 -4.111133266060006813e-02 9.991441238996010554e-01
1.893316681278721347e+01 9.500001541350792111e-01 0.000000000000000000e+00 3.202567885814996185e+00 4.565382376869960360e-03 -1.878497297124692928e-04 -4.111133266060006813e-02 9.991441238996010554e-01
2.368884043072642598e+01 9.500001541350792111e-01 0.000000000000000000e+00 3.202567885814996185e+00 4.565382376869960360e-03 -1.878497297124692928e-04 -4.111133266060006813e-02 9.991441238996010554e-01
2.509215774626451534e+01 9.500001541350792111e-01 0.000000000000000000e+00 3.202567885814996185e+00 4.565382376869960360e-03 -1.878497297124692928e-04 -4.111133266060006813e-02 9.991441238996010554e-01
2.512361853591887240e+01 9.500001541350792111e-01 0.000000000000000000e+00 3.202567885814996185e+00 4.565382376869960360e-03 -1.878497297124692928e-04 -4.111133266060006813e-02 9.991441238996010554e-01
2.513307121615495277e+01 9.500001541350792111e-01 0.000000000000000000e+00 3.202567885814996185e+00 4.565382376869960360e-03 -1.878497297124692928e-04 -4.111133266060006813e-02 9.991441238996010554e-01
2.514295906301318695e+01 9.500001541350792111e-01 0.000000000000000000e+00 3.202567885814996185e+00 4.565382376869960360e-03 -1.878497297124692928e-04 -4.111133266060006813e-02 9.991441238996010554e-01
2.518034361713935709e+01 9.500001541350792111e-01 0.000000000000000000e+00 3.202567885814996185e+00 4.565382376869960360e-03 -1.878497297124692928e-04 -4.111133266060006813e-02 9.991441238996010554e-01
2.733157346323977421e+01 9.500001541350792111e-01 0.000000000000000000e+00 3.202567885814996185e+00 4.565382376869960360e-03 -1.878497297124692928e-04 -4.111133266060006813e-02 9.991441238996010554e-01
3.134779797559067305e+01 9.500001541350792111e-01 0.000000000000000000e+00 3.202567885814996185e+00 4.565382376869960360e-03 -1.878497297124692928e-04 -4.111133266060006813e-02 9.991441238996010554e-01
3.140324403344081716e+01 9.500001541350792111e-01 0.000000000000000000e+00 3.202567885814996185e+00 4.565382376869960360e-03 -1.878497297124692928e-04 -4.111133266060006813e-02 9.991441238996010554e-01
3.141431456555801205e+01 9.500001541350792111e-01 0.000000000000000000e+00 3.202567885814996185e+00 4.565382376869960360e-03 -1.878497297124692928e-04 -4.111133266060006813e-02 9.991441238996010554e-01
3.142314947672167946e+01 9.500001541350792111e-01 0.000000000000000000e+00 3.202567885814996185e+00 4.565382376869960360e-03 -1.878497297124692928e-04 -4.111133266060006813e-02 9.991441238996010554e-01
3.144639780626090797e+01 9.500001541350792111e-01 0.000000000000000000e+00 3.202567885814996185e+00 4.565382376869960360e-03 -1.878497297124692928e-04 -4.111133266060006813e-02 9.991441238996010554e-01
3.202204010671265877e+01 9.500001541350792111e-01 0.000000000000000000e+00 3.202567885814996185e+00 4.565382376869960360e-03 -1.878497297124692928e-04 -4.111133266060006813e-02 9.991441238996010554e-01
3.756486626285477826e+01 9.500001541350792111e-01 0.000000000000000000e+00 3.202567885814996185e+00 4.565382376869960360e-03 -1.878497297124692928e-04 -4.111133266060006813e-02 9.991441238996010554e-01
3.768150927453717713e+01 9.500001541350792111e-01 0.000000000000000000e+00 3.202567885814996185e+00 4.565382376869960360e-03 -1.878497297124692928e-04 -4.111133266060006813e-02 9.991441238996010554e-01
3.769546811556494248e+01 9.500001541350792111e-01 0.000000000000000000e+00 3.202567885814996185e+00 4.565382376869960360e-03 -1.878497297124692928e-04 -4.111133266060006813e-02 9.991441238996010554e-01
3.770389334964612260e+01 9.500001541350792111e-01 0.000000000000000000e+00 3.202567885814996185e+00 4.565382376869960360e-03 -1.878497297124692928e-04 -4.111133266060006813e-02 9.991441238996010554e-01
3.772005669084272483e+01 9.500001541350792111e-01 0.000000000000000000e+00 3.202567885814996185e+00 4.565382376869960360e-03 -1.878497297124692928e-04 -4.111133266060006813e-02 9.991441238996010554e-01
3.790465787440805201e+01 9.500001541350792111e-01 0.000000000000000000e+00 3.202567885814996185e+00 4.565382376869960360e-03 -1.878497297124692928e-04 -4.111133266060006813e-02 9.991441238996010554e-01
4.364349258278851096e+01 9.500001541350792111e-01 0.000000000000000000e+00 3.202567885814996185e+00 4.565382376869960360e-03 -1.878497297124692928e-04 -4.111133266060006813e-02 9.991441238996010554e-01
4.395724743605840956e+01 9.500001541350792111e-01 0.000000000000000000e+00 3.202567885814996185e+00 4.565382376869960360e-03 -1.878497297124692928e-04 -4.111133266060006813e-02 9.991441238996010554e-01
4.397639004194860490e+01 9.500001541350792111e-01 0.000000000000000000e+00 3.202567885814996185e+00 4.565382376869960360e-03 -1.878497297124692928e-04 -4.111133266060006813e-02 9.991441238996010554e-01
4.398494898294148214e+01 9.500001541350792111e-01 0.000000000000000000e+00 3.202567885814996185e+00 4.565382376869960360e-03 -1.878497297124692928e-04 -4.111133266060006813e-02 9.991441238996010554e-01
4.399726003728879675e+01 9.500001541350792111e-01 0.000000000000000000e+00 3.202567885814996185e+00 4.565382376869960360e-03 -1.878497297124692928e-04 -4.111133266060006813e-02 9.991441238996010554e-01
4.407562908384581135e+01 9.500001541350792111e-01 0.000000000000000000e+00 3.202567885814996185e+00 4.565382376869960360e-03 -1.878497297124692928e-04 -4.111133266060006813e-02 9.991441238996010554e-01
4.910712733673076258e+01 9.500001541350792111e-01 0.000000000000000000e+00 3.202567885814996185e+00 4.565382376869960360e-03 -1.878497297124692928e-04 -4.111133266060006813e-02 9.991441238996010554e-01
5.022787642911537631e+01 9.500001541350792111e-01 0.000000000000000000e+00 3.202567885814996185e+00 4.565382376869960360e-03 -1.878497297124692928e-04 -4.111133266060006813e-02 9.991441238996010554e-01
5.025689773144446093e+01 9.500001541350792111e-01 0.000000000000000000e+00 3.202567885814996185e+00 4.565382376869960360e-03 -1.878497297124692928e-04 -4.111133266060006813e-02 9.991441238996010554e-01
5.026616659235439499e+01 9.500001541350792111e-01 0.000000000000000000e+00 3.202567885814996185e+00 4.565382376869960360e-03 -1.878497297124692928e-04 -4.111133266060006813e-02 9.991441238996010554e-01
5.027630768273931494e+01 9.500001541350792111e-01 0.000000000000000000e+00 3.202567885814996185e+00 4.565382376869960360e-03 -1.878497297124692928e-04 -4.111133266060006813e-02 9.991441238996010554e-01
5.031730025697850550e+01 9.500001541350792111e-01 0.000000000000000000e+00 3.202567885814996185e+00 4.565382376869960360e-03 -1.878497297124692928e-04 -4.111133266060006813e-02 9.991441238996010554e-01
5.292160945330296329e+01 9.500001541350792111e-01 0.000000000000000000e+00 3.202567885814996185e+00 4.565382376869960360e-03 -1.878497297124692928e-04 -4.111133266060006813e-02 9.991441238996010554e-01
5.648678356209374130e+01 9.500001541350792111e-01 0.000000000000000000e+00 3.202567885814996185e+00 4.565382376869960360e-03 -1.878497297124692928e-04 -4.111133266060006813e-02 9.991441238996010554e-01
5.653669209798493256e+01 9.500001541350792111e-01 0.000000000000000000e+00 3.202567885814996185e+00 4.565382376869960360e-03 -1.878497297124692928e-04 -4.111133266060006813e-02 9.991441238996010554e-01
5.654742247621636153e+01 9.500001541350792111e-01 0.000000000000000000e+00 3.202567885814996185e+00 4.565382376869960360e-03 -1.878497297124692928e-04 -4.111133266060006813e-02 9.991441238996010554e-01
5.655638384883055636e+01 9.500001541350792111e-01 0.000000000000000000e+00 3.202567885814996185e+00 4.565382376869960360e-03 -1.878497297124692928e-04 -4.111133266060006813e-02 9.991441238996010554e-01
5.658133693234117345e+01 9.500001541350792111e-01 0.000000000000000000e+00 3.202567885814996185e+00 4.565382376869960360e-03 -1.878497297124692928e-04 -4.111133266060006813e-02 9.991441238996010554e-01
5.729689457040815626e+01 9.500001541350792111e-01 0.000000000000000000e+00 3.202567885814996185e+00 4.565382376869960360e-03 -1.878497297124692928e-04 -4.111133266060006813e-02 9.991441238996010554e-01
6.271373024719071765e+01 9.500001541350792111e-01 0.000000000000000000e+00 3.202567885814996185e+00 4.565382376869960360e-03 -1.878497297124692928e-04 -4.111133266060006813e-02 9.991441238996010554e-01
6.281524800475897052e+01 9.500001541350792111e-01 0.000000000000000000e+00 3.202567885814996185e+00 4.565382376869960360e-03 -1.878497297124692928e-04 -4.111133266060006813e-02 9.991441238996010554e-01
6.282860433790525434e+01 9.500001541350792111e-01 0.000000000000000000e+00 3.202567885814996185e+00 4.565382376869960360e-03 -1.878497297124692928e-04 -4.111133266060006813e-02 9.991441238996010554e-01
6.283705922324689652e+01 9.500001541350792111e-01 0.000000000000000000e+00 3.202567885814996185e+00 4.565382376869960360e-03 -1.878497297124692928e-04 -4.111133266060006813e-02 9.991441238996010554e-01
6.285411738932095460e+01 9.500001541350792111e-01 0.000000000000000000e+00 3.202567885814996185e+00 4.565382376869960360e-03 -1.878497297124692928e-04 -4.111133266060006813e-02 9.991441238996010554e-01
6.307258684518534153e+01 9.500001541350792111e-01 0.000000000000000000e+00 3.202567885814996185e+00 4.565382376869960360e-03 -1.878497297124692928e-04 -4.111133266060006813e-02 9.991441238996010554e-01
6.883083716761260007e+01 9.500001541350792111e-01 0.000000000000000000e+00 3.202567885814996185e+00 4.565382376869960360e-03 -1.878497297124692928e-04 -4.111133266060006813e-02 9.991441238996010554e-01
6.909152578922318355e+01 9.500001541350792111e-01 0.000000000000000000e+00 3.202567885814996185e+00 4.565382376869960360e-03 -1.878497297124692928e-04 -4.111133266060006813e-02 9.991441238996010554e-01
6.910956967134011109e+01 9.500001541350792111e-01 0.000000000000000000e+00 3.202567885814996185e+00 4.565382376869960360e-03 -1.878497297124692928e-04 -4.111133266060006813e-02 9.991441238996010554e-01
6.911806852707080395e+01 9.500001541350792111e-01 0.000000000000000000e+00 3.202567885814996185e+00 4.565382376869960360e-03 -1.878497297124692928e-04 -4.111133266060006813e-02 9.991441238996010554e-01
6.913087902971997778e+01 9.500001541350792111e-01 0.000000000000000000e+00 3.202567885814996185e+00 4.565382376869960360e-03 -1.878497297124692928e-04 -4.111133266060006813e-02 9.991441238996010554e-01
6.921981039689038084e+01 9.500001541350792111e-01 0.000000000000000000e+00 3.202567885814996185e+00 4.565382376869960360e-03 -1.878497297124692928e-04 -4.111133266060006813e-02 9.991441238996010554e-01
7.446902050593298839e+01 9.500001541350792111e-01 0.000000000000000000e+00 3.202567885814996185e+00 4.565382376869960360e-03 -1.878497297124692928e-04 -4.111133266060006813e-02 9.991441238996010554e-01
7.536329155126389878e+01 9.500001541350792111e-01 0.000000000000000000e+00 3.202567885814996185e+00 4.565382376869960360e-03 -1.878497297124692928e-04 -4.111133266060006813e-02 9.991441238996010554e-01
7.539015374154261906e+01 9.500001541350792111e-01 0.000000000000000000e+00 3.202567885814996185e+00 4.565382376869960360e-03 -1.878497297124692928e-04 -4.111133266060006813e-02 9.991441238996010554e-01
7.539925837702875810e+01 9.500001541350792111e-01 0.000000000000000000e+00 3.202567885814996185e+00 4.565382376869960360e-03 -1.878497297124692928e-04 -4.111133266060006813e-02 9.991441238996010554e-01
7.540968212848922292e+01 9.500001541350792111e-01 0.000000000000000000e+00 3.202567885814996185e+00 4.565382376869960360e-03 -1.878497297124692928e-04 -4.111133266060006813e-02 9.991441238996010554e-01
7.545481891468332947e+01 9.500001541350792111e-01 0.000000000000000000e+00 3.202567885814996185e+00 4.565382376869960360e-03 -1.878497297124692928e-04 -4.111133266060006813e-02 9.991441238996010554e-01
7.853989907652260172e+01 9.500001541350792111e-01 0.000000000000000000e+00 3.202567885814996185e+00 4.565382376869960360e-03 -1.878497297124692928e-04 -4.111133266060006813e-02 9.991441238996010554e-01
8.162497400554715909e+01 9.500001541350792111e-01 0.000000000000000000e+00 3.202567885814996185e+00 4.565382376869960360e-03 -1.878497297124692928e-04 -4.111133266060006813e-02 9.991441238996010554e-01
8.167010487305064714e+01 9.500001541350792111e-01 0.000000000000000000e+00 3.202567885814996185e+00 4.565382376869960360e-03 -1.878497297124692928e-04 -4.111133266060006813e-02 9.991441238996010554e-01
8.168052609110559104e+01 9.500001541350792111e-01 0.000000000000000000e+00 3.202567885814996185e+00 4.565382376869960360e-03 -1.878497297124692928e-04 -4.111133266060006813e-02 9.991441238996010554e-01
8.168963188465930614e+01 9.500001541350792111e-01 0.000000000000000000e+00 3.202567885814996185e+00 4.565382376869960360e-03 -1.878497297124692928e-04 -4.111133266060006813e-02 9.991441238996010554e-01
8.171650081742616578e+01 9.500001541350792111e-01 0.000000000000000000e+00 3.202567885814996185e+00 4.565382376869960360e-03 -1.878497297124692928e-04 -4.111133266060006813e-02 9.991441238996010554e-01
8.261078206402352464e+01 9.500001541350792111e-01 0.000000000000000000e+00 3.202567885814996185e+00 4.565382376869960360e-03 -1.878497297124692928e-04 -4.111133266060006813e-02 9.991441238996010554e-01
8.785999053770501632e+01 9.500001541350792111e-01 0.000000000000000000e+00 3.202567885814996185e+00 4.565382376869960360e-03 -1.878497297124692928e-04 -4.111133266060006813e-02 9.991441238996010554e-01
8.794891042209550847e+01 9.500001541350792111e-01 0.000000000000000000e+00 3.202567885814996185e+00 4.565382376869960360e-03 -1.878497297124692928e-04 -4.111133266060006813e-02 9.991441238996010554e-01
8.796171799627650500e+01 9.500001541350792111e-01 0.000000000000000000e+00 3.202567885814996185e+00 4.565382376869960360e-03 -1.878497297124692928e-04 -4.111133266060006813e-02 9.991441238996010554e-01
8.797021718451865979e+01 9.500001541350792111e-01 0.000000000000000000e+00 3.202567885814996185e+00 4.565382376869960360e-03 -1.878497297124692928e-04 -4.111133266060006813e-02 9.991441238996010554e-01
8.798826686300918709e+01 9.500001541350792111e-01 0.000000000000000000e+00 3.202567885814996185e+00 4.565382376869960360e-03 -1.878497297124692928e-04 -4.111133266060006813e-02 9.991441238996010554e-01
8.824897329152059910e+01 9.500001541350792111e-01 0.000000000000000000e+00 3.202567885814996185e+00 4.565382376869960360e-03 -1.878497297124692928e-04 -4.111133266060006813e-02 9.991441238996010554e-01
9.400722934935538433e+01 9.500001541350792111e-01 0.000000000000000000e+00 3.202567885814996185e+00 4.565382376869960360e-03 -1.878497297124692928e-04 -4.111133266060006813e-02 9.991441238996010554e-01
9.422569298677366589e+01 9.500001541350792111e-01 0.000000000000000000e+00 3.202567885814996185e+00 4.565382376869960360e-03 -1.878497297124692928e-04 -4.111133266060006813e-02 9.991441238996010554e-01
9.424274889819285761e+01 9.500001541350792111e-01 0.000000000000000000e+00 3.202567885814996185e+00 4.565382376869960360e-03 -1.878497297124692928e-04 -4.111133266060006813e-02 9.991441238996010554e-01
9.425120388760534240e+01 9.500001541350792111e-01 0.000000000000000000e+00 3.202567885814996185e+00 4.565382376869960360e-03 -1.878497297124692928e-04 -4.111133266060006813e-02 9.991441238996010554e-01
9.426456197663573278e+01 9.500001541350792111e-01 0.000000000000000000e+00 3.202567885814996185e+00 4.565382376869960360e-03 -1.878497297124692928e-04 -4.111133266060006813e-02 9.991441238996010554e-01
9.436608823807215174e+01 9.500001541350792111e-01 0.000000000000000000e+00 3.202567885814996185e+00 4.565382376869960360e-03 -1.878497297124692928e-04 -4.111133266060006813e-02 9.991441238996010554e-01
9.978291860404637248e+01 9.500001541350792111e-01 0.000000000000000000e+00 3.202567885814996185e+00 4.565382376869960360e-03 -1.878497297124692928e-04 -4.111133266060006813e-02 9.991441238996010554e-01
1.004984753315888355e+02 9.500001541350792111e-01 0.000000000000000000e+00 3.202567885814996185e+00 4.565382376869960360e-03 -1.878497297124692928e-04 -4.111133266060006813e-02 9.991441238996010554e-01
1.005234239151229332e+02 9.500001541350792111e-01 0.000000000000000000e+00 3.202567885814996185e+00 4.565382376869960360e-03 -1.878497297124692928e-04 -4.111133266060006813e-02 9.991441238996010554e-01
1.005323845084314200e+02 9.500001541350792111e-01 0.000000000000000000e+00 3.202567885814996185e+00 4.565382376869960360e-03 -1.878497297124692928e-04 -4.111133266060006813e-02 9.991441238996010554e-01
1.005431147687028641e+02 9.500001541350792111e-01 0.000000000000000000e+00 3.202567885814996185e+00 4.565382376869960360e-03 -1.878497297124692928e-04 -4.111133266060006813e-02 9.991441238996010554e-01
1.005930297101134698e+02 9.500001541350792111e-01 0.000000000000000000e+00 3.202567885814996185e+00 4.565382376869960360e-03 -1.878497297124692928e-04 -4.111133266060006813e-02 9.991441238996010554e-01
1.041581993669231423e+02 9.500001541350792111e-01 0.000000000000000000e+00 3.202567885814996185e+00 4.565382376869960360e-03 -1.878497297124692928e-04 -4.111133266060006813e-02 9.991441238996010554e-01
1.067625057320341000e+02 9.500001541350792111e-01 0.000000000000000000e+00 3.202567885814996185e+00 4.565382376869960360e-03 -1.878497297124692928e-04 -4.111133266060006813e-02 9.991441238996010554e-01
1.068034952500404700e+02 9.500001541350792111e-01 0.000000000000000000e+00 3.202567885814996185e+00 4.565382376869960360e-03 -1.878497297124692928e-04 -4.111133266060006813e-02 9.991441238996010554e-01
1.068136362001762052e+02 9.500001541350792111e-01 0.000000000000000000e+00 3.202567885814996185e+00 4.565382376869960360e-03 -1.878497297124692928e-04 -4.111133266060006813e-02 9.991441238996010554e-01
1.068229052654413067e+02 9.500001541350792111e-01 0.000000000000000000e+00 3.202567885814996185e+00 4.565382376869960360e-03 -1.878497297124692928e-04 -4.111133266060006813e-02 9.991441238996010554e-01
1.068519343432898836e+02 9.500001541350792111e-01 0.000000000000000000e+00 3.202567885814996185e+00 4.565382376869960360e-03 -1.878497297124692928e-04 -4.111133266060006813e-02 9.991441238996010554e-01
1.079726825015940079e+02 9.500001541350792111e-01 0.000000000000000000e+00 3.202567885814996185e+00 4.565382376869960360e-03 -1.878497297124692928e-04 -4.111133266060006813e-02 9.991441238996010554e-01
1.130041739482421264e+02 9.500001541350792111e-01 0.000000000000000000e+00 3.202567885814996185e+00 4.565382376869960360e-03 -1.878497297124692928e-04 -4.111133266060006813e-02 9.991441238996010554e-01
1.130825367432748578e+02 9.500001541350792111e-01 0.000000000000000000e+00 3.202567885814996185e+00 4.565382376869960360e-03 -1.878497297124692928e-04 -4.111133266060006813e-02 9.991441238996010554e-01
1.130948462445096254e+02 9.500001541350792111e-01 0.000000000000000000e+00 3.202567885814996185e+00 4.565382376869960360e-03 -1.878497297124692928e-04 -4.111133266060006813e-02 9.991441238996010554e-01
1.131034055806478449e+02 9.500001541350792111e-01 0.000000000000000000e+00 3.202567885814996185e+00 4.565382376869960360e-03 -1.878497297124692928e-04 -4.111133266060006813e-02 9.991441238996010554e-01
1.131225556039053117e+02 9.500001541350792111e-01 0.000000000000000000e+00 3.202567885814996185e+00 4.565382376869960360e-03 -1.878497297124692928e-04 -4.111133266060006813e-02 9.991441238996010554e-01
1.134363286604630616e+02 9.500001541350792111e-01 0.000000000000000000e+00 3.202567885814996185e+00 4.565382376869960360e-03 -1.878497297124692928e-04 -4.111133266060006813e-02 9.991441238996010554e-01
1.191751541276399706e+02 9.500001541350792111e-01 0.000000000000000000e+00 3.202567885814996185e+00 4.565382376869960360e-03 -1.878497297124692928e-04 -4.111133266060006813e-02 9.991441238996010554e-01
1.193597442151920092e+02 9.500001541350792111e-01 0.000000000000000000e+00 3.202567885814996185e+00 4.565382376869960360e-03 -1.878497297124692928e-04 -4.111133266060006813e-02 9.991441238996010554e-01
1.193759049207645830e+02 9.500001541350792111e-01 0.000000000000000000e+00 3.202567885814996185e+00 4.565382376869960360e-03 -1.878497297124692928e-04 -4.111133266060006813e-02 9.991441238996010554e-01
1.193843296376985990e+02 9.500001541350792111e-01 0.000000000000000000e+00 3.202567885814996185e+00 4.565382376869960360e-03 -1.878497297124692928e-04 -4.111133266060006813e-02 9.991441238996010554e-01
1.193982932813416937e+02 9.500001541350792111e-01 0.000000000000000000e+00 3.202567885814996185e+00 4.565382376869960360e-03 -1.878497297124692928e-04 -4.111133266060006813e-02 9.991441238996010554e-01
1.195149496981461255e+02 9.500001541350792111e-01 0.000000000000000000e+00 3.202567885814996185e+00 4.565382376869960360e-03 -1.878497297124692928e-04 -4.111133266060006813e-02 9.991441238996010554e-01
1.250577763890249940e+02 9.500001541350792111e-01 0.000000000000000000e+00 3.202567885814996185e+00 4.565382376869960360e-03 -1.878497297124692928e-04 -4.111133266060006813e-02 9.991441238996010554e-01
1.256334235722493702e+02 9.500001541350792111e-01 0.000000000000000000e+00 3.202567885814996185e+00 4.565382376869960360e-03 -1.878497297124692928e-04 -4.111133266060006813e-02 9.991441238996010554e-01
1.256566697470771032e+02 9.500001541350792111e-01 0.000000000000000000e+00 3.202567885814996185e+00 4.565382376869960360e-03 -1.878497297124692928e-04 -4.111133266060006813e-02 9.991441238996010554e-01
1.256655051489757113e+02 9.500001541350792111e-01 0.000000000000000000e+00 3.202567885814996185e+00 4.565382376869960360e-03 -1.878497297124692928e-04 -4.111133266060006813e-02 9.991441238996010554e-01
1.256765801764328074e+02 9.500001541350792111e-01 0.000000000000000000e+00 3.202567885814996185e+00 4.565382376869960360e-03 -1.878497297124692928e-04 -4.111133266060006813e-02 9.991441238996010554e-01
1.257320386484534396e+02 9.500001541350792111e-01 0.000000000000000000e+00 3.202567885814996185e+00 4.565382376869960360e-03 -1.878497297124692928e-04 -4.111133266060006813e-02 9.991441238996010554e-01
1.297482710069896541e+02 9.500001541350792111e-01 0.000000000000000000e+00 3.202567885814996185e+00 4.565382376869960360e-03 -1.878497297124692928e-04 -4.111133266060006813e-02 9.991441238996010554e-01
1.318995069534265383e+02 9.500001541350792111e-01 0.000000000000000000e+00 3.202567885814996185e+00 4.565382376869960360e-03 -1.878497297124692928e-04 -4.111133266060006813e-02 9.991441238996010554e-01
1.319368905864252497e+02 9.500001541350792111e-01 0.000000000000000000e+00 3.202567885814996185e+00 4.565382376869960360e-03 -1.878497297124692928e-04 -4.111133266060006813e-02 9.991441238996010554e-01
1.319467780463164956e+02 9.500001541350792111e-01 0.000000000000000000e+00 3.202567885814996185e+00 4.565382376869960360e-03 -1.878497297124692928e-04 -4.111133266060006813e-02 9.991441238996010554e-01
1.319562329336899325e+02 9.500001541350792111e-01 0.000000000000000000e+00 3.202567885814996185e+00 4.565382376869960360e-03 -1.878497297124692928e-04 -4.111133266060006813e-02 9.991441238996010554e-01
1.319877045980858838e+02 9.500001541350792111e-01 0.000000000000000000e+00 3.202567885814996185e+00 4.565382376869960360e-03 -1.878497297124692928e-04 -4.111133266060006813e-02 9.991441238996010554e-01
1.333910311650538176e+02 9.500001541350792111e-01 0.000000000000000000e+00 3.202567885814996185e+00 4.565382376869960360e-03 -1.878497297124692928e-04 -4.111133266060006813e-02 9.991441238996010554e-01
1.381467116015712691e+02 9.500001541350792111e-01 0.000000000000000000e+00 3.202567885814996185e+00 4.565382376869960360e-03 -1.878497297124692928e-04 -4.111133266060006813e-02 9.991441238996010554e-01
1.382161677524995582e+02 9.500001541350792111e-01 0.000000000000000000e+00 3.202567885814996185e+00 4.565382376869960360e-03 -1.878497297124692928e-04 -4.111133266060006813e-02 9.991441238996010554e-01
1.382280242885661892e+02 9.500001541350792111e-01 0.000000000000000000e+00 3.202567885814996185e+00 4.565382376869960360e-03 -1.878497297124692928e-04 -4.111133266060006813e-02 9.991441238996010554e-01
1.382366588180299800e+02 9.500001541350792111e-01 0.000000000000000000e+00 3.202567885814996185e+00 4.565382376869960360e-03 -1.878497297124692928e-04 -4.111133266060006813e-02 9.991441238996010554e-01
1.382570317083908265e+02 9.500001541350792111e-01 0.000000000000000000e+00 3.202567885814996185e+00 4.565382376869960360e-03 -1.878497297124692928e-04 -4.111133266060006813e-02 9.991441238996010554e-01
1.386379514780989552e+02 9.500001541350792111e-01 0.000000000000000000e+00 3.202567885814996185e+00 4.565382376869960360e-03 -1.878497297124692928e-04 -4.111133266060006813e-02 9.991441238996010554e-01
1.443365557538894279e+02 9.500001541350792111e-01 0.000000000000000000e+00 3.202567885814996185e+00 4.565382376869960360e-03 -1.878497297124692928e-04 -4.111133266060006813e-02 9.991441238996010554e-01
1.444937831299006916e+02 9.500001541350792111e-01 0.000000000000000000e+00 3.202567885814996185e+00 4.565382376869960360e-03 -1.878497297124692928e-04 -4.111133266060006813e-02 9.991441238996010554e-01
1.445091381743719410e+02 9.500001541350792111e-01 0.000000000000000000e+00 3.202567885814996185e+00 4.565382376869960360e-03 -1.878497297124692928e-04 -4.111133266060006813e-02 9.991441238996010554e-01
1.445175488083308153e+02 9.500001541350792111e-01 0.000000000000000000e+00 3.202567885814996185e+00 4.565382376869960360e-03 -1.878497297124692928e-04 -4.111133266060006813e-02 9.991441238996010554e-01
1.445321748677623930e+02 9.500001541350792111e-01 0.000000000000000000e+00 3.202567885814996185e+00 4.565382376869960360e-03 -1.878497297124692928e-04 -4.111133266060006813e-02 9.991441238996010554e-01
1.446671203591350832e+02 9.500001541350792111e-01 0.000000000000000000e+00 3.202567885814996185e+00 4.565382376869960360e-03 -1.878497297124692928e-04 -4.111133266060006813e-02 9.991441238996010554e-01
1.503018546397728414e+02 9.500001541350792111e-01 0.000000000000000000e+00 3.202567885814996185e+00 4.565382376869960360e-03 -1.878497297124692928e-04 -4.111133266060006813e-02 9.991441238996010554e-01
1.507682229553709590e+02 9.500001541350792111e-01 0.000000000000000000e+00 3.202567885814996185e+00 4.565382376869960360e-03 -1.878497297124692928e-04 -4.111133266060006813e-02 9.991441238996010554e-01
1.507899485814463958e+02 9.500001541350792111e-01 0.000000000000000000e+00 3.202567885814996185e+00 4.565382376869960360e-03 -1.878497297124692928e-04 -4.111133266060006813e-02 9.991441238996010554e-01
1.507986755742459763e+02 9.500001541350792111e-01 0.000000000000000000e+00 3.202567885814996185e+00 4.565382376869960360e-03 -1.878497297124692928e-04 -4.111133266060006813e-02 9.991441238996010554e-01
1.508101250184521120e+02 9.500001541350792111e-01 0.000000000000000000e+00 3.202567885814996185e+00 4.565382376869960360e-03 -1.878497297124692928e-04 -4.111133266060006813e-02 9.991441238996010554e-01
1.508720353280623385e+02 9.500001541350792111e-01 0.000000000000000000e+00 3.202567885814996185e+00 4.565382376869960360e-03 -1.878497297124692928e-04 -4.111133266060006813e-02 9.991441238996010554e-01
1.552887968685039937e+02 9.500001541350792111e-01 0.000000000000000000e+00 3.202567885814996185e+00 4.565382376869960360e-03 -1.878497297124692928e-04 -4.111133266060006813e-02 9.991441238996010554e-01
1.570360379132611115e+02 9.500001541350792111e-01 0.000000000000000000e+00 3.202567885814996185e+00 4.565382376869960360e-03 -1.878497297124692928e-04 -4.111133266060006813e-02 9.991441238996010554e-01
1.570702673559451910e+02 9.500001541350792111e-01 0.000000000000000000e+00 3.202567885814996185e+00 4.565382376869960360e-03 -1.878497297124692928e-04 -4.111133266060006813e-02 9.991441238996010554e-01
1.570799258317739486e+02 9.500001541350792111e-01 0.000000000000000000e+00 3.202567885814996185e+00 4.565382376869960360e-03 -1.878497297124692928e-04 -4.111133266060006813e-02 9.991441238996010554e-01
1.570895840367702476e+02 9.500001541350792111e-01 0.000000000000000000e+00 3.202567885814996185e+00 4.565382376869960360e-03 -1.878497297124692928e-04 -4.111133266060006813e-02 9.991441238996010554e-01
1.571238213667901675e+02 9.500001541350792111e-01 0.000000000000000000e+00 3.202567885814996185e+00 4.565382376869960360e-03 -1.878497297124692928e-04 -4.111133266060006813e-02 9.991441238996010554e-01
1.588710627261974366e+02 9.500001541350792111e-01 0.000000000000000000e+00 3.202567885814996185e+00 4.565382376869960360e-03 -1.878497297124692928e-04 -4.111133266060006813e-02 9.991441238996010554e-01
1.632878191864043913e+02 9.500001541350792111e-01 0.000000000000000000e+00 3.202567885814996185e+00 4.565382376869960360e-03 -1.878497297124692928e-04 -4.111133266060006813e-02 9.991441238996010554e-01
1.633497200673703560e+02 9.500001541350792111e-01 0.000000000000000000e+00 3.202567885814996185e+00 4.565382376869960360e-03 -1.878497297124692928e-04 -4.111133266060006813e-02 9.991441238996010554e-01
1.633611656662745020e+02 9.500001541350792111e-01 0.000000000000000000e+00 3.202567885814996185e+00 4.565382376869960360e-03 -1.878497297124692928e-04 -4.111133266060006813e-02 9.991441238996010554e-01
1.633698923108758834e+02 9.500001541350792111e-01 0.000000000000000000e+00 3.202567885814996185e+00 4.565382376869960360e-03 -1.878497297124692928e-04 -4.111133266060006813e-02 9.991441238996010554e-01
1.633916212849113663e+02 9.500001541350792111e-01 0.000000000000000000e+00 3.202567885814996185e+00 4.565382376869960360e-03 -1.878497297124692928e-04 -4.111133266060006813e-02 9.991441238996010554e-01
1.638580023201703568e+02 9.500001541350792111e-01 0.000000000000000000e+00 3.202567885814996185e+00 4.565382376869960360e-03 -1.878497297124692928e-04 -4.111133266060006813e-02 9.991441238996010554e-01
1.694927291173453909e+02 9.500001541350792111e-01 0.000000000000000000e+00 3.202567885814996185e+00 4.565382376869960360e-03 -1.878497297124692928e-04 -4.111133266060006813e-02 9.991441238996010554e-01
1.696276606221231305e+02 9.500001541350792111e-01 0.000000000000000000e+00 3.202567885814996185e+00 4.565382376869960360e-03 -1.878497297124692928e-04 -4.111133266060006813e-02 9.991441238996010554e-01
1.696422823672381810e+02 9.500001541350792111e-01 0.000000000000000000e+00 3.202567885814996185e+00 4.565382376869960360e-03 -1.878497297124692928e-04 -4.111133266060006813e-02 9.991441238996010554e-01
1.696506925209560279e+02 9.500001541350792111e-01 0.000000000000000000e+00 3.202567885814996185e+00 4.565382376869960360e-03 -1.878497297124692928e-04 -4.111133266060006813e-02 9.991441238996010554e-01
1.696660551693511820e+02 9.500001541350792111e-01 0.000000000000000000e+00 3.202567885814996185e+00 4.565382376869960360e-03 -1.878497297124692928e-04 -4.111133266060006813e-02 9.991441238996010554e-01
1.698232941496349611e+02 9.500001541350792111e-01 0.000000000000000000e+00 3.202567885814996185e+00 4.565382376869960360e-03 -1.878497297124692928e-04 -4.111133266060006813e-02 9.991441238996010554e-01
1.755219008328564030e+02 9.500001541350792111e-01 0.000000000000000000e+00 3.202567885814996185e+00 4.565382376869960360e-03 -1.878497297124692928e-04 -4.111133266060006813e-02 9.991441238996010554e-01
1.759028027902427596e+02 9.500001541350792111e-01 0.000000000000000000e+00 3.202567885814996185e+00 4.565382376869960360e-03 -1.878497297124692928e-04 -4.111133266060006813e-02 9.991441238996010554e-01
1.759231677200891966e+02 9.500001541350792111e-01 0.000000000000000000e+00 3.202567885814996185e+00 4.565382376869960360e-03 -1.878497297124692928e-04 -4.111133266060006813e-02 9.991441238996010554e-01
1.759318028771914157e+02 9.500001541350792111e-01 0.000000000000000000e+00 3.202567885814996185e+00 4.565382376869960360e-03 -1.878497297124692928e-04 -4.111133266060006813e-02 9.991441238996010554e-01
1.759436668199679161e+02 9.500001541350792111e-01 0.000000000000000000e+00 3.202567885814996185e+00 4.565382376869960360e-03 -1.878497297124692928e-04 -4.111133266060006813e-02 9.991441238996010554e-01
1.760131434352953477e+02 9.500001541350792111e-01 0.000000000000000000e+00 3.202567885814996185e+00 4.565382376869960360e-03 -1.878497297124692928e-04 -4.111133266060006813e-02 9.991441238996010554e-01
1.807688170054729540e+02 9.500001541350792111e-01 0.000000000000000000e+00 3.202567885814996185e+00 4.565382376869960360e-03 -1.878497297124692928e-04 -4.111133266060006813e-02 9.991441238996010554e-01
1.821721441656159186e+02 9.500001541350792111e-01 0.000000000000000000e+00 3.202567885814996185e+00 4.565382376869960360e-03 -1.878497297124692928e-04 -4.111133266060006813e-02 9.991441238996010554e-01
1.822036060608283208e+02 9.500001541350792111e-01 0.000000000000000000e+00 3.202567885814996185e+00 4.565382376869960360e-03 -1.878497297124692928e-04 -4.111133266060006813e-02 9.991441238996010554e-01
1.822130593041532620e+02 9.500001541350792111e-01 0.000000000000000000e+00 3.202567885814996185e+00 4.565382376869960360e-03 -1.878497297124692928e-04 -4.111133266060006813e-02 9.991441238996010554e-01
1.822229489108650853e+02 9.500001541350792111e-01 0.000000000000000000e+00 3.202567885814996185e+00 4.565382376869960360e-03 -1.878497297124692928e-04 -4.111133266060006813e-02 9.991441238996010554e-01
1.822603471927293697e+02 9.500001541350792111e-01 0.000000000000000000e+00 3.202567885814996185e+00 4.565382376869960360e-03 -1.878497297124692928e-04 -4.111133266060006813e-02 9.991441238996010554e-01
1.844115809095708585e+02 9.500001541350792111e-01 0.000000000000000000e+00 3.202567885814996185e+00 4.565382376869960360e-03 -1.878497297124692928e-04 -4.111133266060006813e-02 9.991441238996010554e-01
1.884278148360462239e+02 9.500001541350792111e-01 0.000000000000000000e+00 3.202567885814996185e+00 4.565382376869960360e-03 -1.878497297124692928e-04 -4.111133266060006813e-02 9.991441238996010554e-01
1.884832631886658305e+02 9.500001541350792111e-01 0.000000000000000000e+00 3.202567885814996185e+00 4.565382376869960360e-03 -1.878497297124692928e-04 -4.111133266060006813e-02 9.991441238996010554e-01
1.884943346125855896e+02 9.500001541350792111e-01 0.000000000000000000e+00 3.202567885814996185e+00 4.565382376869960360e-03 -1.878497297124692928e-04 -4.111133266060006813e-02 9.991441238996010554e-01
1.885031705382729399e+02 9.500001541350792111e-01 0.000000000000000000e+00 3.202567885814996185e+00 4.565382376869960360e-03 -1.878497297124692928e-04 -4.111133266060006813e-02 9.991441238996010554e-01
1.885264284132335320e+02 9.500001541350792111e-01 0.000000000000000000e+00 3.202567885814996185e+00 4.565382376869960360e-03 -1.878497297124692928e-04 -4.111133266060006813e-02 9.991441238996010554e-01
1.891020931157718508e+02 9.500001541350792111e-01 0.000000000000000000e+00 3.202567885814996185e+00 4.565382376869960360e-03 -1.878497297124692928e-04 -4.111133266060006813e-02 9.991441238996010554e-01
1.946449143318120889e+02 9.500001541350792111e-01 0.000000000000000000e+00 3.202567885814996185e+00 4.565382376869960360e-03 -1.878497297124692928e-04 -4.111133266060006813e-02 9.991441238996010554e-01
1.947615619323731551e+02 9.500001541350792111e-01 0.000000000000000000e+00 3.202567885814996185e+00 4.565382376869960360e-03 -1.878497297124692928e-04 -4.111133266060006813e-02 9.991441238996010554e-01
1.947755214690834578e+02 9.500001541350792111e-01 0.000000000000000000e+00 3.202567885814996185e+00 4.565382376869960360e-03 -1.878497297124692928e-04 -4.111133266060006813e-02 9.991441238996010554e-01
1.947839473246097839e+02 9.500001541350792111e-01 0.000000000000000000e+00 3.202567885814996185e+00 4.565382376869960360e-03 -1.878497297124692928e-04 -4.111133266060006813e-02 9.991441238996010554e-01
1.948001173735101190e+02 9.500001541350792111e-01 0.000000000000000000e+00 3.202567885814996185e+00 4.565382376869960360e-03 -1.878497297124692928e-04 -4.111133266060006813e-02 9.991441238996010554e-01
1.949847406254306463e+02 9.500001541350792111e-01 0.000000000000000000e+00 3.202567885814996185e+00 4.565382376869960360e-03 -1.878497297124692928e-04 -4.111133266060006813e-02 9.991441238996010554e-01
2.007235619005608385e+02 9.500001541350792111e-01 0.000000000000000000e+00 3.202567885814996185e+00 4.565382376869960360e-03 -1.878497297124692928e-04 -4.111133266060006813e-02 9.991441238996010554e-01
2.010373213672778832e+02 9.500001541350792111e-01 0.000000000000000000e+00 3.202567885814996185e+00 4.565382376869960360e-03 -1.878497297124692928e-04 -4.111133266060006813e-02 9.991441238996010554e-01
2.010564656614117212e+02 9.500001541350792111e-01 0.000000000000000000e+00 3.202567885814996185e+00 4.565382376869960360e-03 -1.878497297124692928e-04 -4.111133266060006813e-02 9.991441238996010554e-01
2.010650251329092839e+02 9.500001541350792111e-01 0.000000000000000000e+00 3.202567885814996185e+00 4.565382376869960360e-03 -1.878497297124692928e-04 -4.111133266060006813e-02 9.991441238996010554e-01
2.010773420824526454e+02 9.500001541350792111e-01 0.000000000000000000e+00 3.202567885814996185e+00 4.565382376869960360e-03 -1.878497297124692928e-04 -4.111133266060006813e-02 9.991441238996010554e-01
2.011557314220301578e+02 9.500001541350792111e-01 0.000000000000000000e+00 3.202567885814996185e+00 4.565382376869960360e-03 -1.878497297124692928e-04 -4.111133266060006813e-02 9.991441238996010554e-01
2.061872256707004283e+02 9.500001541350792111e-01 0.000000000000000000e+00 3.202567885814996185e+00 4.565382376869960360e-03 -1.878497297124692928e-04 -4.111133266060006813e-02 9.991441238996010554e-01
2.073079871365166866e+02 9.500001541350792111e-01 0.000000000000000000e+00 3.202567885814996185e+00 4.565382376869960360e-03 -1.878497297124692928e-04 -4.111133266060006813e-02 9.991441238996010554e-01
2.073370091846063588e+02 9.500001541350792111e-01 0.000000000000000000e+00 3.202567885814996185e+00 4.565382376869960360e-03 -1.878497297124692928e-04 -4.111133266060006813e-02 9.991441238996010554e-01
2.073462786027166942e+02 9.500001541350792111e-01 0.000000000000000000e+00 3.202567885814996185e+00 4.565382376869960360e-03 -1.878497297124692928e-04 -4.111133266060006813e-02 9.991441238996010554e-01
2.073564266633945010e+02 9.500001541350792111e-01 0.000000000000000000e+00 3.202567885814996185e+00 4.565382376869960360e-03 -1.878497297124692928e-04 -4.111133266060006813e-02 9.991441238996010554e-01
2.073974313208599938e+02 9.500001541350792111e-01 0.000000000000000000e+00 3.202567885814996185e+00 4.565382376869960360e-03 -1.878497297124692928e-04 -4.111133266060006813e-02 9.991441238996010554e-01
2.100017495879368141e+02 9.500001541350792111e-01 0.000000000000000000e+00 3.202567885814996185e+00 4.565382376869960360e-03 -1.878497297124692928e-04 -4.111133266060006813e-02 9.991441238996010554e-01
2.135669296069015672e+02 9.500001541350792111e-01 0.000000000000000000e+00 3.202567885814996185e+00 4.565382376869960360e-03 -1.878497297124692928e-04 -4.111133266060006813e-02 9.991441238996010554e-01
2.136168396354463255e+02 9.500001541350792111e-01 0.000000000000000000e+00 3.202567885814996185e+00 4.565382376869960360e-03 -1.878497297124692928e-04 -4.111133266060006813e-02 9.991441238996010554e-01
2.136275705551933584e+02 9.500001541350792111e-01 0.000000000000000000e+00 3.202567885814996185e+00 4.565382376869960360e-03 -1.878497297124692928e-04 -4.111133266060006813e-02 9.991441238996010554e-01
2.136365346005592585e+02 9.500001541350792111e-01 0.000000000000000000e+00 3.202567885814996185e+00 4.565382376869960360e-03 -1.878497297124692928e-04 -4.111133266060006813e-02 9.991441238996010554e-01
2.136614978764954742e+02 9.500001541350792111e-01 0.000000000000000000e+00 3.202567885814996185e+00 4.565382376869960360e-03 -1.878497297124692928e-04 -4.111133266060006813e-02 9.991441238996010554e-01
2.143770767719410060e+02 9.500001541350792111e-01 0.000000000000000000e+00 3.202567885814996185e+00 4.565382376869960360e-03 -1.878497297124692928e-04 -4.111133266060006813e-02 9.991441238996010554e-01
2.197938938398857545e+02 9.500001541350792111e-01 0.000000000000000000e+00 3.202567885814996185e+00 4.565382376869960360e-03 -1.878497297124692928e-04 -4.111133266060006813e-02 9.991441238996010554e-01
2.198954051769531759e+02 9.500001541350792111e-01 0.000000000000000000e+00 3.202567885814996185e+00 4.565382376869960360e-03 -1.878497297124692928e-04 -4.111133266060006813e-02 9.991441238996010554e-01
2.199087594910768928e+02 9.500001541350792111e-01 0.000000000000000000e+00 3.202567885814996185e+00 4.565382376869960360e-03 -1.878497297124692928e-04 -4.111133266060006813e-02 9.991441238996010554e-01
2.199172135648405231e+02 9.500001541350792111e-01 0.000000000000000000e+00 3.202567885814996185e+00 4.565382376869960360e-03 -1.878497297124692928e-04 -4.111133266060006813e-02 9.991441238996010554e-01
2.199342781222396752e+02 9.500001541350792111e-01 0.000000000000000000e+00 3.202567885814996185e+00 4.565382376869960360e-03 -1.878497297124692928e-04 -4.111133266060006813e-02 9.991441238996010554e-01
2.201527696344247715e+02 9.500001541350792111e-01 0.000000000000000000e+00 3.202567885814996185e+00 4.565382376869960360e-03 -1.878497297124692928e-04 -4.111133266060006813e-02 9.991441238996010554e-01
2.259110193737410270e+02 9.500001541350792111e-01 0.000000000000000000e+00 3.202567885814996185e+00 4.565382376869960360e-03 -1.878497297124692928e-04 -4.111133266060006813e-02 9.991441238996010554e-01
2.261717152333507386e+02 9.500001541350792111e-01 0.000000000000000000e+00 3.202567885814996185e+00 4.565382376869960360e-03 -1.878497297124692928e-04 -4.111133266060006813e-02 9.991441238996010554e-01
2.261897614864130617e+02 9.500001541350792111e-01 0.000000000000000000e+00 3.202567885814996185e+00 4.565382376869960360e-03 -1.878497297124692928e-04 -4.111133266060006813e-02 9.991441238996010554e-01
2.261982611791917748e+02 9.500001541350792111e-01 0.000000000000000000e+00 3.202567885814996185e+00 4.565382376869960360e-03 -1.878497297124692928e-04 -4.111133266060006813e-02 9.991441238996010554e-01
2.262110794521411776e+02 9.500001541350792111e-01 0.000000000000000000e+00 3.202567885814996185e+00 4.565382376869960360e-03 -1.878497297124692928e-04 -4.111133266060006813e-02 9.991441238996010554e-01
2.263000262044497788e+02 9.500001541350792111e-01 0.000000000000000000e+00 3.202567885814996185e+00 4.565382376869960360e-03 -1.878497297124692928e-04 -4.111133266060006813e-02 9.991441238996010554e-01
2.315492413497782991e+02 9.500001541350792111e-01 0.000000000000000000e+00 3.202567885814996185e+00 4.565382376869960360e-03 -1.878497297124692928e-04 -4.111133266060006813e-02 9.991441238996010554e-01
2.324435276150883283e+02 9.500001541350792111e-01 0.000000000000000000e+00 3.202567885814996185e+00 4.565382376869960360e-03 -1.878497297124692928e-04 -4.111133266060006813e-02 9.991441238996010554e-01
2.324703922704964896e+02 9.500001541350792111e-01 0.000000000000000000e+00 3.202567885814996185e+00 4.565382376869960360e-03 -1.878497297124692928e-04 -4.111133266060006813e-02 9.991441238996010554e-01
2.324794982363496274e+02 9.500001541350792111e-01 0.000000000000000000e+00 3.202567885814996185e+00 4.565382376869960360e-03 -1.878497297124692928e-04 -4.111133266060006813e-02 9.991441238996010554e-01
2.324899261522446352e+02 9.500001541350792111e-01 0.000000000000000000e+00 3.202567885814996185e+00 4.565382376869960360e-03 -1.878497297124692928e-04 -4.111133266060006813e-02 9.991441238996010554e-01
2.325350763223585489e+02 9.500001541350792111e-01 0.000000000000000000e+00 3.202567885814996185e+00 4.565382376869960360e-03 -1.878497297124692928e-04 -4.111133266060006813e-02 9.991441238996010554e-01
2.356201644420048922e+02 9.500001541350792111e-01 0.000000000000000000e+00 3.202567885814996185e+00 4.565382376869960360e-03 -1.878497297124692928e-04 -4.111133266060006813e-02 9.991441238996010554e-01
2.387052379221956926e+02 9.500001541350792111e-01 0.000000000000000000e+00 3.202567885814996185e+00 4.565382376869960360e-03 -1.878497297124692928e-04 -4.111133266060006813e-02 9.991441238996010554e-01
2.387503702190377624e+02 9.500001541350792111e-01 0.000000000000000000e+00 3.202567885814996185e+00 4.565382376869960360e-03 -1.878497297124692928e-04 -4.111133266060006813e-02 9.991441238996010554e-01
2.387607919648063728e+02 9.500001541350792111e-01 0.000000000000000000e+00 3.202567885814996185e+00 4.565382376869960360e-03 -1.878497297124692928e-04 -4.111133266060006813e-02 9.991441238996010554e-01
2.387699020941534798e+02 9.500001541350792111e-01 0.000000000000000000e+00 3.202567885814996185e+00 4.565382376869960360e-03 -1.878497297124692928e-04 -4.111133266060006813e-02 9.991441238996010554e-01
2.387967816575537938e+02 9.500001541350792111e-01 0.000000000000000000e+00 3.202567885814996185e+00 4.565382376869960360e-03 -1.878497297124692928e-04 -4.111133266060006813e-02 9.991441238996010554e-01
2.396910756581814894e+02 9.500001541350792111e-01 0.000000000000000000e+00 3.202567885814996185e+00 4.565382376869960360e-03 -1.878497297124692928e-04 -4.111133266060006813e-02 9.991441238996010554e-01
2.449402949038905604e+02 9.500001541350792111e-01 0.000000000000000000e+00 3.202567885814996185e+00 4.565382376869960360e-03 -1.878497297124692928e-04 -4.111133266060006813e-02 9.991441238996010554e-01
2.450292213678546887e+02 9.500001541350792111e-01 0.000000000000000000e+00 3.202567885814996185e+00 4.565382376869960360e-03 -1.878497297124692928e-04 -4.111133266060006813e-02 9.991441238996010554e-01
2.450420307587612001e+02 9.500001541350792111e-01 0.000000000000000000e+00 3.202567885814996185e+00 4.565382376869960360e-03 -1.878497297124692928e-04 -4.111133266060006813e-02 9.991441238996010554e-01
2.450505302653989190e+02 9.500001541350792111e-01 0.000000000000000000e+00 3.202567885814996185e+00 4.565382376869960360e-03 -1.878497297124692928e-04 -4.111133266060006813e-02 9.991441238996010554e-01
2.450685856309541180e+02 9.500001541350792111e-01 0.000000000000000000e+00 3.202567885814996185e+00 4.565382376869960360e-03 -1.878497297124692928e-04 -4.111133266060006813e-02 9.991441238996010554e-01
2.453293122512746152e+02 9.500001541350792111e-01 0.000000000000000000e+00 3.202567885814996185e+00 4.565382376869960360e-03 -1.878497297124692928e-04 -4.111133266060006813e-02 9.991441238996010554e-01
2.510875672136635046e+02 9.500001541350792111e-01 0.000000000000000000e+00 3.202567885814996185e+00 4.565382376869960360e-03 -1.878497297124692928e-04 -4.111133266060006813e-02 9.991441238996010554e-01
2.513060301094180318e+02 9.500001541350792111e-01 0.000000000000000000e+00 3.202567885814996185e+00 4.565382376869960360e-03 -1.878497297124692928e-04 -4.111133266060006813e-02 9.991441238996010554e-01
2.513230869937164869e+02 9.500001541350792111e-01 0.000000000000000000e+00 3.202567885814996185e+00 4.565382376869960360e-03 -1.878497297124692928e-04 -4.111133266060006813e-02 9.991441238996010554e-01
2.513315421633518554e+02 9.500001541350792111e-01 0.000000000000000000e+00 3.202567885814996185e+00 4.565382376869960360e-03 -1.878497297124692928e-04 -4.111133266060006813e-02 9.991441238996010554e-01
2.513449059506551464e+02 9.500001541350792111e-01 0.000000000000000000e+00 3.202567885814996185e+00 4.565382376869960360e-03 -1.878497297124692928e-04 -4.111133266060006813e-02 9.991441238996010554e-01
2.514464478625083359e+02 9.500001541350792111e-01 0.000000000000000000e+00 3.202567885814996185e+00 4.565382376869960360e-03 -1.878497297124692928e-04 -4.111133266060006813e-02 9.991441238996010554e-01
2.568632864807490819e+02 9.500001541350792111e-01 0.000000000000000000e+00 3.202567885814996185e+00 4.565382376869960360e-03 -1.878497297124692928e-04 -4.111133266060006813e-02 9.991441238996010554e-01
2.575788492098438951e+02 9.500001541350792111e-01 0.000000000000000000e+00 3.202567885814996185e+00 4.565382376869960360e-03 -1.878497297124692928e-04 -4.111133266060006813e-02 9.991441238996010554e-01
2.576037997303139946e+02 9.500001541350792111e-01 0.000000000000000000e+00 3.202567885814996185e+00 4.565382376869960360e-03 -1.878497297124692928e-04 -4.111133266060006813e-02 9.991441238996010554e-01
2.576127614970104105e+02 9.500001541350792111e-01 0.000000000000000000e+00 3.202567885814996185e+00 4.565382376869960360e-03 -1.878497297124692928e-04 -4.111133266060006813e-02 9.991441238996010554e-01
2.576234948654991967e+02 9.500001541350792111e-01 0.000000000000000000e+00 3.202567885814996185e+00 4.565382376869960360e-03 -1.878497297124692928e-04 -4.111133266060006813e-02 9.991441238996010554e-01
2.576734249970270980e+02 9.500001541350792111e-01 0.000000000000000000e+00 3.202567885814996185e+00 4.565382376869960360e-03 -1.878497297124692928e-04 -4.111133266060006813e-02 9.991441238996010554e-01
2.612385812405088359e+02 9.500001541350792111e-01 0.000000000000000000e+00 3.202567885814996185e+00 4.565382376869960360e-03 -1.878497297124692928e-04 -4.111133266060006813e-02 9.991441238996010554e-01
2.638428968462748685e+02 9.500001541350792111e-01 0.000000000000000000e+00 3.202567885814996185e+00 4.565382376869960360e-03 -1.878497297124692928e-04 -4.111133266060006813e-02 9.991441238996010554e-01
2.638838875497829690e+02 9.500001541350792111e-01 0.000000000000000000e+00 3.202567885814996185e+00 4.565382376869960360e-03 -1.878497297124692928e-04 -4.111133266060006813e-02 9.991441238996010554e-01
2.638940287959621287e+02 9.500001541350792111e-01 0.000000000000000000e+00 3.202567885814996185e+00 4.565382376869960360e-03 -1.878497297124692928e-04 -4.111133266060006813e-02 9.991441238996010554e-01
2.639032982971023671e+02 9.500001541350792111e-01 0.000000000000000000e+00 3.202567885814996185e+00 4.565382376869960360e-03 -1.878497297124692928e-04 -4.111133266060006813e-02 9.991441238996010554e-01
2.639323372780700083e+02 9.500001541350792111e-01 0.000000000000000000e+00 3.202567885814996185e+00 4.565382376869960360e-03 -1.878497297124692928e-04 -4.111133266060006813e-02 9.991441238996010554e-01
2.650530886471735244e+02 9.500001541350792111e-01 0.000000000000000000e+00 3.202567885814996185e+00 4.565382376869960360e-03 -1.878497297124692928e-04 -4.111133266060006813e-02 9.991441238996010554e-01
2.700845881472062615e+02 9.500001541350792111e-01 0.000000000000000000e+00 3.202567885814996185e+00 4.565382376869960360e-03 -1.878497297124692928e-04 -4.111133266060006813e-02 9.991441238996010554e-01
2.701629575666531196e+02 9.500001541350792111e-01 0.000000000000000000e+00 3.202567885814996185e+00 4.565382376869960360e-03 -1.878497297124692928e-04 -4.111133266060006813e-02 9.991441238996010554e-01
2.701752690422912906e+02 9.500001541350792111e-01 0.000000000000000000e+00 3.202567885814996185e+00 4.565382376869960360e-03 -1.878497297124692928e-04 -4.111133266060006813e-02 9.991441238996010554e-01
2.701838287908659595e+02 9.500001541350792111e-01 0.000000000000000000e+00 3.202567885814996185e+00 4.565382376869960360e-03 -1.878497297124692928e-04 -4.111133266060006813e-02 9.991441238996010554e-01
2.702029825574486495e+02 9.500001541350792111e-01 0.000000000000000000e+00 3.202567885814996185e+00 4.565382376869960360e-03 -1.878497297124692928e-04 -4.111133266060006813e-02 9.991441238996010554e-01
2.705167712609285218e+02 9.500001541350792111e-01 0.000000000000000000e+00 3.202567885814996185e+00 4.565382376869960360e-03 -1.878497297124692928e-04 -4.111133266060006813e-02 9.991441238996010554e-01
2.762555888271005529e+02 9.500001541350792111e-01 0.000000000000000000e+00 3.202567885814996185e+00 4.565382376869960360e-03 -1.878497297124692928e-04 -4.111133266060006813e-02 9.991441238996010554e-01
2.764401736503966163e+02 9.500001541350792111e-01 0.000000000000000000e+00 3.202567885814996185e+00 4.565382376869960360e-03 -1.878497297124692928e-04 -4.111133266060006813e-02 9.991441238996010554e-01
2.764563337508757854e+02 9.500001541350792111e-01 0.000000000000000000e+00 3.202567885814996185e+00 4.565382376869960360e-03 -1.878497297124692928e-04 -4.111133266060006813e-02 9.991441238996010554e-01
2.764647577964855145e+02 9.500001541350792111e-01 0.000000000000000000e+00 3.202567885814996185e+00 4.565382376869960360e-03 -1.878497297124692928e-04 -4.111133266060006813e-02 9.991441238996010554e-01
2.764787252400001307e+02 9.500001541350792111e-01 0.000000000000000000e+00 3.202567885814996185e+00 4.565382376869960360e-03 -1.878497297124692928e-04 -4.111133266060006813e-02 9.991441238996010554e-01
2.765953999421831213e+02 9.500001541350792111e-01 0.000000000000000000e+00 3.202567885814996185e+00 4.565382376869960360e-03 -1.878497297124692928e-04 -4.111133266060006813e-02 9.991441238996010554e-01
2.821382275549559040e+02 9.500001541350792111e-01 0.000000000000000000e+00 3.202567885814996185e+00 4.565382376869960360e-03 -1.878497297124692928e-04 -4.111133266060006813e-02 9.991441238996010554e-01
2.827138756951724758e+02 9.500001541350792111e-01 0.000000000000000000e+00 3.202567885814996185e+00 4.565382376869960360e-03 -1.878497297124692928e-04 -4.111133266060006813e-02 9.991441238996010554e-01
2.827371188067181720e+02 9.500001541350792111e-01 0.000000000000000000e+00 3.202567885814996185e+00 4.565382376869960360e-03 -1.878497297124692928e-04 -4.111133266060006813e-02 9.991441238996010554e-01
2.827459523731327522e+02 9.500001541350792111e-01 0.000000000000000000e+00 3.202567885814996185e+00 4.565382376869960360e-03 -1.878497297124692928e-04 -4.111133266060006813e-02 9.991441238996010554e-01
2.827570331019678065e+02 9.500001541350792111e-01 0.000000000000000000e+00 3.202567885814996185e+00 4.565382376869960360e-03 -1.878497297124692928e-04 -4.111133266060006813e-02 9.991441238996010554e-01
2.828124993055906771e+02 9.500001541350792111e-01 0.000000000000000000e+00 3.202567885814996185e+00 4.565382376869960360e-03 -1.878497297124692928e-04 -4.111133266060006813e-02 9.991441238996010554e-01
2.868287550282217353e+02 9.500001541350792111e-01 0.000000000000000000e+00 3.202567885814996185e+00 4.565382376869960360e-03 -1.878497297124692928e-04 -4.111133266060006813e-02 9.991441238996010554e-01
2.889799877699421700e+02 9.500001541350792111e-01 0.000000000000000000e+00 3.202567885814996185e+00 4.565382376869960360e-03 -1.878497297124692928e-04 -4.111133266060006813e-02 9.991441238996010554e-01
2.890173722047993579e+02 9.500001541350792111e-01 0.000000000000000000e+00 3.202567885814996185e+00 4.565382376869960360e-03 -1.878497297124692928e-04 -4.111133266060006813e-02 9.991441238996010554e-01
2.890272601474795806e+02 9.500001541350792111e-01 0.000000000000000000e+00 3.202567885814996185e+00 4.565382376869960360e-03 -1.878497297124692928e-04 -4.111133266060006813e-02 9.991441238996010554e-01
2.890367156327223483e+02 9.500001541350792111e-01 0.000000000000000000e+00 3.202567885814996185e+00 4.565382376869960360e-03 -1.878497297124692928e-04 -4.111133266060006813e-02 9.991441238996010554e-01
2.890681956556857131e+02 9.500001541350792111e-01 0.000000000000000000e+00 3.202567885814996185e+00 4.565382376869960360e-03 -1.878497297124692928e-04 -4.111133266060006813e-02 9.991441238996010554e-01
2.904715247256618227e+02 9.500001541350792111e-01 0.000000000000000000e+00 3.202567885814996185e+00 4.565382376869960360e-03 -1.878497297124692928e-04 -4.111133266060006813e-02 9.991441238996010554e-01
2.952272122796209146e+02 9.500001541350792111e-01 0.000000000000000000e+00 3.202567885814996185e+00 4.565382376869960360e-03 -1.878497297124692928e-04 -4.111133266060006813e-02 9.991441238996010554e-01
2.952966750091386530e+02 9.500001541350792111e-01 0.000000000000000000e+00 3.202567885814996185e+00 4.565382376869960360e-03 -1.878497297124692928e-04 -4.111133266060006813e-02 9.991441238996010554e-01
2.953085336091588147e+02 9.500001541350792111e-01 0.000000000000000000e+00 3.202567885814996185e+00 4.565382376869960360e-03 -1.878497297124692928e-04 -4.111133266060006813e-02 9.991441238996010554e-01
2.953171719384278049e+02 9.500001541350792111e-01 0.000000000000000000e+00 3.202567885814996185e+00 4.565382376869960360e-03 -1.878497297124692928e-04 -4.111133266060006813e-02 9.991441238996010554e-01
2.953375478725459402e+02 9.500001541350792111e-01 0.000000000000000000e+00 3.202567885814996185e+00 4.565382376869960360e-03 -1.878497297124692928e-04 -4.111133266060006813e-02 9.991441238996010554e-01
2.957184987789779598e+02 9.500001541350792111e-01 0.000000000000000000e+00 3.202567885814996185e+00 4.565382376869960360e-03 -1.878497297124692928e-04 -4.111133266060006813e-02 9.991441238996010554e-01
3.014170854024699793e+02 9.500001541350792111e-01 0.000000000000000000e+00 3.202567885814996185e+00 4.565382376869960360e-03 -1.878497297124692928e-04 -4.111133266060006813e-02 9.991441238996010554e-01
3.015743162304397629e+02 9.500001541350792111e-01 0.000000000000000000e+00 3.202567885814996185e+00 4.565382376869960360e-03 -1.878497297124692928e-04 -4.111133266060006813e-02 9.991441238996010554e-01
3.015896719944424831e+02 9.500001541350792111e-01 0.000000000000000000e+00 3.202567885814996185e+00 4.565382376869960360e-03 -1.878497297124692928e-04 -4.111133266060006813e-02 9.991441238996010554e-01
3.015980829347833492e+02 9.500001541350792111e-01 0.000000000000000000e+00 3.202567885814996185e+00 4.565382376869960360e-03 -1.878497297124692928e-04 -4.111133266060006813e-02 9.991441238996010554e-01
3.016127128601543177e+02 9.500001541350792111e-01 0.000000000000000000e+00 3.202567885814996185e+00 4.565382376869960360e-03 -1.878497297124692928e-04 -4.111133266060006813e-02 9.991441238996010554e-01
3.017476765400019190e+02 9.500001541350792111e-01 0.000000000000000000e+00 3.202567885814996185e+00 4.565382376869960360e-03 -1.878497297124692928e-04 -4.111133266060006813e-02 9.991441238996010554e-01
3.073824033541714016e+02 9.500001541350792111e-01 0.000000000000000000e+00 3.202567885814996185e+00 4.565382376869960360e-03 -1.878497297124692928e-04 -4.111133266060006813e-02 9.991441238996010554e-01
3.078487740855238712e+02 9.500001541350792111e-01 0.000000000000000000e+00 3.202567885814996185e+00 4.565382376869960360e-03 -1.878497297124692928e-04 -4.111133266060006813e-02 9.991441238996010554e-01
3.078705009560030703e+02 9.500001541350792111e-01 0.000000000000000000e+00 3.202567885814996185e+00 4.565382376869960360e-03 -1.878497297124692928e-04 -4.111133266060006813e-02 9.991441238996010554e-01
3.078792278952051333e+02 9.500001541350792111e-01 0.000000000000000000e+00 3.202567885814996185e+00 4.565382376869960360e-03 -1.878497297124692928e-04 -4.111133266060006813e-02 9.991441238996010554e-01
3.078906799459128365e+02 9.500001541350792111e-01 0.000000000000000000e+00 3.202567885814996185e+00 4.565382376869960360e-03 -1.878497297124692928e-04 -4.111133266060006813e-02 9.991441238996010554e-01
3.079526069844042127e+02 9.500001541350792111e-01 0.000000000000000000e+00 3.202567885814996185e+00 4.565382376869960360e-03 -1.878497297124692928e-04 -4.111133266060006813e-02 9.991441238996010554e-01
3.123693774460891746e+02 9.500001541350792111e-01 0.000000000000000000e+00 3.202567885814996185e+00 4.565382376869960360e-03 -1.878497297124692928e-04 -4.111133266060006813e-02 9.991441238996010554e-01
3.141166338618002101e+02 9.500001541350792111e-01 0.000000000000000000e+00 3.202567885814996185e+00 4.565382376869960360e-03 -1.878497297124692928e-04 -4.111133266060006813e-02 9.991441238996010554e-01
3.141508588917645852e+02 9.500001541350792111e-01 0.000000000000000000e+00 3.202567885814996185e+00 4.565382376869960360e-03 -1.878497297124692928e-04 -4.111133266060006813e-02 9.991441238996010554e-01
3.141605155177077791e+02 9.500001541350792111e-01 0.000000000000000000e+00 3.202567885814996185e+00 4.565382376869960360e-03 -1.878497297124692928e-04 -4.111133266060006813e-02 9.991441238996010554e-01
